Extra:
  LongCastle:
    0
  ShortCastle:
    0
Pawn:
  Base:
    0
  Position:
    00 00 00 00 00 00 00 00
    00 00 00 00 00 00 00 00
    00 00 00 00 00 00 00 00
    00 00 00 90 90 00 00 00
    00 00 00 90 90 00 00 00
    00 00 00 00 00 00 00 00
    00 00 00 00 00 00 00 00
    00 00 00 00 00 00 00 00
  Attack:
    0
Knight:
  Base:
    0
  Position:
    00 00 00 00 00 00 00 00
    00 00 00 00 00 00 00 00
    00 00 00 00 00 00 00 00
    00 00 00 00 00 00 00 00
    00 00 00 00 00 00 00 00
    00 00 00 00 00 00 00 00
    00 00 00 00 00 00 00 00
    00 00 00 00 00 00 00 00
  Attack:
    0
Bishop:
  Base:
    0
  Position:
    00 00 00 00 00 00 00 00
    00 00 00 00 00 00 00 00
    00 00 00 00 00 00 00 00
    00 00 00 00 00 00 00 00
    00 00 00 00 00 00 00 00
    00 00 00 00 00 00 00 00
    00 00 00 00 00 00 00 00
    00 00 00 00 00 00 00 00
  Attack:
    0
Rook:
  Base:
    0
  Position:
    00 00 00 00 00 00 00 00
    00 00 00 00 00 00 00 00
    00 00 00 00 00 00 00 00
    00 00 00 00 00 00 00 00
    00 00 00 00 00 00 00 00
    00 00 00 00 00 00 00 00
    00 00 00 00 00 00 00 00
    00 00 00 00 00 00 00 00
  Attack:
    0
Queen:
  Base:
    0
  Position:
    00 00 00 00 00 00 00 00
    00 00 00 00 00 00 00 00
    00 00 00 00 00 00 00 00
    00 00 00 00 00 00 00 00
    00 00 00 00 00 00 00 00
    00 00 00 00 00 00 00 00
    00 00 00 00 00 00 00 00
    00 00 00 00 00 00 00 00
  Attack:
    0
King:
  Base:
    0
  Position:
    00 00 00 00 00 00 00 00
    00 00 00 00 00 00 00 00
    00 00 00 00 00 00 00 00
    00 00 00 00 00 00 00 00
    00 00 00 00 00 00 00 00
    00 00 00 00 00 00 00 00
    00 00 00 00 00 00 00 00
    00 00 00 00 00 00 00 00
  Attack:
    0
